(00000 0 cam. 1111

001000 000. (10011Ι 001 10110 0100000010, (1100010 000110οο0
000000 011000001010110 (101 0010 11100, 01 10 00οΙ10 0110000001.
E 0000 0110 000 000 000000000010100110 (101 0110111100,ωο
000 10000 10 mia soconda 0000001000 (0000100001ος 0 10 000-
0011000 000 10 000 01010 000000 101 (10000, 000 (101 11000-
001000 supranominato, 11 00010, 0001 00111010, 1’ 00000 ’10-
001010100 00010 000 000100 000111000, 0110 10 101000 000ῑο0000
101 000, (1011000011 11 Capra 10 10110 10 1010100 (10110 0100-
000010 0 00010 (11 00οΙΙο 01100 0000001001, 0100 000 0000, 0
000 00100010110 (101 mio libro, 01 come 011 0100000 00001-
10010000010 01000000001. 100010 (100000 11110000 00010110
10 000000, 000 0000· 000 000010 (1οΙ mio 111100, 10000001οο0
000100010 001 000 primo capitolo, 10 000101 11 00000000,
(01101010 (10110 11000 0010011010, Ι0001 (10010 nominate, (00 ’
(1010111000 (10110 11000, 11 0001000 (1100 000 11000,Ιο 00010
00010000 00’ 01100 010000 00110 0 010000 000 [00010010 10 001-
0100000010 00001001, 00000 000010 000 001000 0000001000 000
10 00010000 10 010000 0110 10 000 soconda, 10 qual 000 00-
000110 (1 0001010 ad 0001000 10110 soconda 0010001010 000-
00000000 00000, 01ιο 000000 10000 001000 01010110 (10 000,
11 0110 0110 11 00110 00001000010 0001001. 8000100οἰ 001, 0110

011 0100 001100000 (10110, questa 001000 0000001000 00000 000 ,
0 000 10110 (10 000, mi Ι00000 posto 10 1110011 (11 0010011
100 00000 qualche 10100000001000 00000 rumpere 11 (010 01-
101100, 0110 000 01010. (11Ι 000 10 1010000000 ’ 00 000 “ 00000
10 0000 0110 0011 000 00000 000010 (101 mio libro, (00 00-

0100100000 000; 0 00οὸ 0110 mi 01000010000 10 ohe modo
01001000 (0011101100οε 1111 11110 01 010000, 01 0100 11 000·
(101101000015, 0100010 0011 00010000 10 000010 (10110 000
001000 0000001000 0 00010 31111 10 000110 00001οε 0011010 100-
00010 1000000010, multiplicetur [000110 1111 11110 00, produ·
(1001000 0011 111. Α questo interrogatorio· restando alquanto
01001110, 0 dubitando 0110 1000010 000 00000100000111 10001
10011,·01 0001 11 10000 000 (101 0001 libri 0 0000100111 000

 

