6666111166 1 61611111. A 21¹³

16611111 16 11666611 numero medio 6166611166616 16 666616
16661616. simo li dne 61161611,61161616 due lineo 1111661616
6166661661 (Tar. 11, Fig. 11)), 1· 666 36 6 1’ 61116 16, 6 61666
661116616666616 1666116116 11611666, 1. 6. 116116 36, 6661161116,
6616611616 6116616616, 6111 61161136 116116 11666 6666161116116,

6 non movendo 16 6116616616 prendi 1’ 1616116116 116 1
611611 1616 116116 6166661166111166, 11611616 1616111616 66616

16 6166661616 66616 11616161 66661 611611 21, quanto 66611616
611 numero proporzionnie 116 86 6 161 6 6616666661 1111-
6111611611666 61666616, 66116616 16111161 non 6616 116116
66616 661616 66616 16 6116616616, me di 6661666116 61116
6116616, quondo 666116 116116 6116616616 insse troppo 6166611
661 666116 bisogno.

Notendo in 61116, 6116666616 161166661 numeri 6116
16 mirumne, 116 1 quali 166116616 1161616116161116616·
portionale, 11166616 66661 grandi, 6166116 6666666616 11110.6116
6 11 maggior 1111111616 661616 66616 16 1166116 11666 6661116111-
6116. 61661111 nondimeno 666666611 1’ 1616616 6661116116 666
66111 1161 61666611 numeri, 6666 61111 minori di 6611, ma
6116 abbiano 16 616166166616661116116 6116 1116661 primi:
6161666166611 in 6116616 modo. 1166111616 1. 6. 61611616
1166111616 medio 6166611166616 116 1116 81, 1 gueli eone· ,
dono ambidne ii 61666661616161161 116116 11666 611161611-
ohe 111 161166161116661 6661166116 1166161661616616 6116111166
66616611161161616 6616116 16 6666 666 11 6 numero 6661
grande, 61611616 1166166166116616616 1166 66116 di 6666 nu-
61616111,6661666116 v. 6. 11 16166, 6166 18611616116116
gii 61666 6661166616 1166161661616616 6111 -611611 18 116116 11666
geometriane. 111661 161166616616 16 16166 6611611181,6116111
161116 nomem (1616, 16 611616 617,6161161616111111616 6111
1166161611616616 1161161661166116611666 6666161116116 , 6 6116616
minorato 1611666616 66616 16 6111166116116,16111611116161116
proportionale 1166166166166 168.

 

