11111111 11 11111111111111. 1117

1111 11 11111111111111111111 1 111ὀ11111; 11 1111111 ¹
11111111111111 11111 111 1 1111111 1111111 11 11111 1111,
1111111111 1 pendente 1111111 11 11111 111111111111111

1111111111 11 111 11111 111 111111111 111111111111111,1111
11111 che 111111 111 11111 1111111111, 111111111111111
11111111111111111111 11 11111 1111111111. Ε 1111111·
1111111111111111 1111111111111 l'inimice volesse 111
venir 111 1111111 1 1111111111 11111111 11 11111111111111-
1111, 111 si 11111111111111, 1 1111 1111 ogni 111 111111.
11 1111111111 111111111111111, 1111 111111111111111111 1
11111111 1111111111, 1111 11111111 1111111111 11 111111
111111111 11111111 11 11111111, 111111111111111111 1111-
mico 111 111 1111111. ’

111Ρο xvlss.

nme zmn.

11111111 11111 11111,111111 11 11111111111111111-
111111 1111111 1111,111 1111 11 11111 11111111111111111
1 1111111111111,11111 111111111 11 111. 11111. V, 11111
quale 111111111111111 1111111111111 1 111111111111111111
1111111111 11111 1111111, F, le 1111111111 1 11111 11111-
1111111, E, 1111111111 11111 11111111, 11111111111111111
11 111111 1111111111111 1 111111111111 1 111111111. 11 1111111
1111111 111111111111111111, quando 11 11111111111111 111
111111111 111111111111111 11111 11111111, 111 esser 11
11111111111111111111111111 mezzo 1111 111111 111111 1
111111 11111 1111111111,11 1111111 1111111 1111111111 111
11111111 1 111 111 1111111111111111111111111111111111 111
11111 1’ 11111 11111111 11 11111111 111111 angelo 11111111,
nome le due 11111 111, nd, 11 quali 1111111111111111111
1111111111111111. 111 111 11111 1111111 della 11111 111111-
1111111111 1 111111 11 1111111, bisogna 1111 111111111111

 

