11111111 11 1011111111011. 1711

appare, 111111 1101111111 11011 111111111111111111 11111·
1111 1111111111, 1110110111 i 01111110 11111111, 101 111111
grandi e largii pid 1111111 01111111111111111111110111111
11 111 1111111 111111111 di muragiia; 0111111 1111110111-
11111 11111110 11 01111111111011 111 muro, 111111111111111
11 11111 11 superiore 10111111111 11111 111111,111111 101
10111111110 11 1111111101 1111111011111111 1110 11001111
ed 11110111, 1 (111111 111 1111111111 1111111 1111011111 111
1111110,1111110111111111 111 111010 111110 1011111. li 11
111011111111011 1111 11 11111, 00111 11111 mistero 1111
110111 11111101111111 11111 1111101110 111 11111111 lungo
1 1111111, 111 11 111111111111111, 1110111 1011111011111·
1111111110,.(111110 0111111111 111 101111111111 tom: poi-
1111 1111111 1100111 da 1111111111111111 1 1’ 111111111111
1011111011 11111 11 1111110 di sopra.

11111 queste 1011 1111111110 1111111111, comesi dide in
0111111111111 1111111111 1¹ 1111111111, 1111101111111 11 111
1111111 111111, 1111,.1111111111110·11111111111, 111111110
1111111111111 111 luogo. 1111 per 11 1111111111 111 tempo,
0 per 11011 1111101111 quelli 11111111111111011 11110111
di (11111111 11111101, ο 111 dissensioni 1 discordie 1111111
1 demidio pei-,tempi contrario per 1111110 1111111111, d 110111
10111 111111 11 guerra 111 11111111 degli asaedidti.

(111Ρο XXII.

110111 sl mmm 11 muz.

1 [11111111 11111 101 111110111111111, per le quali
1111 11 11 10111 11 11110 -d’ 11 1111111110 0 10110 (1111111111

1111 11111 1111111 1111 si vogiia 10111111.1 1111101111 10111111
0111 11 111 11 111111 111111110 11111, 111111111011 1111111111
(111110111101111111 1111110110 110111 1111111 117 0011111.
111111111111111111111111-10101 11 00111111 10111010 ¹

 

