1111 1111111111 11 1111111111 m 11111111. 117

1111111 111 111111111111111111111111111111 1111111111, 1111111111 11111 si 11·
11111111 Libra 1111111111 in qualsisin positura. Cosi, por 1111111111, se
1111 una 11111 o 111111· 11111111 Am (1), 11 111 1111111 111 B, 11111
potenza 11111111 1111 B 11111111111111111111,(1111111111111111111111
111111 (litationi 11, o 1111, 11 11111111 11 1111111 potem 1111 centro 11 11
1111111111 ,1111111111 1111111111 1111111111 CB, ,1111111111111111111
111111 11, 1111 111111 1111111 11 1111111111, Al. Similmonte 11 1111 11 111111
AB (1), 11 1111 11111111, 1 1111111 ,111 111111111111,.1111, 1111111111

1111111 11111 applicate 111 ,11111111 E, 1), 11 qudi 1111111 obliqua· Δ

mento 111 11111111 11111 dirotini 1111, Gn, 111 11111111 11111 111 111-
11111 1111 111111 Α smum 1111ω1 AG, ΑΗ. Ha 111111 queat· 1111111111
11 1111 11 1111111 111111 primu 11111 111 111111 11111 1111111111 1111111
11111111111111111111111111. ·

11111111 111111111111111111111 ’11 spientis 11 operationi 11111
111111 1111 11111111 1111 1111 111111111 di 11111111 1111111111 1 quella
1111 111111111111111111111111111 111 111 potenza 111 11 11111,11111111111
111111 11111111 111111 11 peso 11111 11 mezzo. Non v'e manento 111 11
111 111111 11111111, 1 un 1111111111 8111111111 11111111 11111111111111 11
1111111111 11111111 una lunga 1111111111, 1111111111 11 1 1111111111
1111111111 11 1111111111 [1111111111 111111 1111. 1111 1111111111 que-
111 1111111,.ο 1111111 11111, eho 1111111111 1111 11111 1111111 opinione,
11111 11111111111111 11 1111111111,111)111111111, 1 11111 11111111 scrittori
111111 11111 1111111111111, obe 1111 11111111 111111111111111111111111
1111111111,11111 111 puro 1111111111 briga 1111111111111111111111111
oppones Poe'dno 1111 1111111111111111111111111 in 1111111111, 11111
1111111 1111ω111111 11111111 questo 11111111 11111 111111, 1111111111
1111111111 111 11 1111111111) 111111 11111111 111111 111111111111
1111111111 1111111111 111111 11111. 1111111111, m 11111 11 1111111111 111111
1111111111,11ρ11111111 applicata in F 111111111 il peno G 11111 111111·
11111111, 111 11 11111111111111 ,11111111111111 11 1111111. 8131111111
1111 11111111111, 111 111111111111 11111 111111 11111111 1111111111
1111111 111 1111111111 111111111111111 11 1111,11 1111111111111111
111111111111111111111111, .- ,

11111111 ragione, 111111 ognun 1111,1 1111111111111. 111111111111
11111 111 11111111 1111111, ,111 1111 11111111 111 111111 alh leva 1111111111
dumento 1111111 il rivolgimonto 111111 111111111111111111111111 11 1111111
11111 pendente dal punto E, 1 1111111111 11 111111111111111111111
in Β, C, 111111 11111 potenza 111 G 1111111 11 punto B 111111111111-

111 Tu. 111, rig. 11. -υ- (2) 1111. 11111111-

 

