111111 11 11111. 319

apparitione, 11 111111 1111 111 mezzo 1111· 11111111111111
8111111111 1111111 (111111111111111111111111111, 111 11111
111 1111111 11 111111, 1111 111 1111111111 veramente· 11111
1111111111,111111111111111111, 1 111 11 11111 11111111
11111 111111111111 11 11111111 (1111111111 io 11111, 11
1 11111 1111111111111111111, 11111 111111111111 111111)
che· 111111 1111111111 11111 1111111111 1111111, 111 1111111111
11111111111111 111 111 nuovo woprimeato, 1111111 11111111
11111. 11111111, 1 quivi 111111111111 quanto io sopra la 11111
81111111 111 1111111111 1111111 1 111 11 111111· 1111111 1111
1111111; 111111111111 11111111 11111111 111 11111 1111-
111 1111111111, 11 quali 1’ 11111111 111111111111111 1111 11υ

111111111111111111 111 11111111, 1111111111,1 11111- ’

· 111 1111111111,11111111111111 111111 11111, 111111111-
1111 11111111111-(111111111111 11111111,111111111111
11111111 1111 11111111 111 1111111 1 111111 11111111 11111111
11 11111111 1111 11111 11111111111111111 11 1111111111111
1111111 11111111 1111111111111 11111 1111111 1111111111
111111 111111 11111111111111111 1111 1111111111 1111111111
8111111111 qua! 11111111 11 1111111111 11111111 1111 grande
111111, 11111111111111111 1111 11111 1111111 11111111111111
11111111 1 11111111 111111 grado 11 gloria, 1111111111 11111

1111111 111111111111 11 11111111111 gran 1111111111 11111 ’

1 111111 1111111111 loro, 11111111111111111111 1111111111,
1111111111111, ai quali 11 1111 11111111 1111111111,111
111111111111 11 111111 11 1111 glorioso 111111111111. 511111
11111111111111 1111111111 111 11111 111 11111 111111111111,
111111 Capra 11111 111 11111111111111111111111111 111 1111
aad] 11111111111,1111111111 11111 defraudatio di 11111111-
1111 1111 11 11 111111111,1111111111·111111 1111111 11111 la
Stella nuova, 111111111111 1 1111111111111, 11111111 111111
11 111111, 11111 1111 11· erano 111111 111111 1111111111111

quanta 11111 0111 11111111111111 1 bastanza 11111- ,

1111111111, 1111111 egli 11111 11111111 111 111111, 111111111-

 

