..mumma 4 44444444. 1141

salmonte da 0440114εο stereometriam, e 4414444410 40114-
mente 44044 10 4411401101404 00440 004 0404444410, 4041001
4440440410 11 numero 14041188, 4404110 gi& 4000401410 10
strumento 41 modo 10110, 0 10144110 10 0441140 ultime 4010
40414140, 11 qual numero 040401444404441440410 1411011400
410400401410140, 0 41444410 4011440410 sopra 1’ 0411440110140, 01
1441 111, 441100 4440441444 1014444040 0404404104 404 01 4004-
14410, 040, 0444410 10 1404014. 4144440411 importunam. 011
11 148, 44444440 4444441040 10110 404140 114400, 41100 04404440
por 44411, 004440 4401141144 regola sizperiooe 14 444041110.

’ mentm 4444444444 mama, ε .· .. ‚.

' flmffloflt‘xlxs.

· 044414 01 1044040 44040411 -140’,4444441,40.414011400
4441444410, 14410 04411 ι1040441440 4404440 ,140 · 41140 medie
440404104411,440140440 010 esequire 1401140410 0014440440
10110 04040411 11400, 0010 000-0404100401010 41 1441 0141440.
nove 01 vongum 44040410 10140 114001,·11.(144.- 11, fig. 101,
10110 quali 1444 414 004 0404010108 0141144 81, pm
14 4444441040 004 un compasso, 41411141, aperto 10414444οπ10, ,
4111 numeri 108. 108, 0 poi 04041441 1141044411014411
puni 32 ³2, 11 qualo 444114 140414044440114· 40004414 11·
004 11, 0140 41444414 004 14 0401041444· 40414, 004 14 04410
144040 4441444410 10 4440440010 11400, 41 1404044 04404 ‘12; 0 004
1404440 14 10444 11404 C, 41411141 pure 11 44040 sopra 10
4010414011400 410400401410140 14 1140411 4111 04411108. 108,
0 1044141 11 44040 4 014114401411414444 1441 0441132. 32,
0140 1410 sarh 14 grandem della 10444 11404 C, 0 4441444414
404444 14 4401041444 40414, 41 1404041 04404 04411484 0401141
0140 0041 400044441011 prender prima 14 maggior 11404,
pi& 0140 14 minore, 444 4011400 0 40114114044010 operando,
sempre 41 1404041 1’ 1410440.

 

