33333333 3( mummulus& 207

13331331333333 313333313 od inohinandolo sin 13313 3133 11
11333113 3333313 331 333131, 11 3133333313 3333, 13 11-
33311131 (1333 333 1333331313 33333333 (13113 333333Ε
3333111 333313 strumento (1 31331313, 3 13 13313133 vieno molto
3113 3113, 31 31311331 33 333313 (11311133 13333 3 33133, 33313
33113 113333 31 (3331111,33 333331313 3113 11333 ΔΕ, 333
1· 31313 do! 3311331333 1113 Ls 31 (1333 13 (1313113 133113331333
31311311 3333133 333 131313 (131 33313, come di 33113 31
(1133, faremo 13 333333.

cmo xxxn.

3333333333 33 333333( nm· 33333333 m' 33333.

1133333313, come 3’(1 (13113, 13 33313333 3 311 1313333311.
31 113333333 13 33313 (1333 va 31331313 13 13313333ς3 113313
13 331333 corda AB (Tav. 11111, Fig. 16) (11 13331333 3311-
3333 33· 31133 (11) (11 (133133, 1331333 (13113 331333 3331133-

(11311333313; 3 13 333313 133 3333 31 13313 333333 3133 che
31 1333111 1333333 sodo, (13 33133 333133333 313333333313 13
13313333. Di 33131333313313313 3 31333133 313333331 13 33
(11 mano in mano, ma 3131 (1311333313 333331333333 3313· v
31333, 131333313 obe 13 3333311313 (131 1333333 13333 31313313
311133133133, ed abbia 333 3331 braccio di 1333133333 33
333313 (11 3331113. E 33333331333133313313 31 piano (11
33333333, 33331333331 (131 primo 1113 331331333 ΑΒ 313·
333 333331331 113333 3331133 corda 111, ed 31133 3 333313
1133 31133 Gn, Ε11,333 1313333111 tradi 1333 133 13333313; 3
333133333331113 13113 11 fondo in 3331133 33311 333 1333113
133 eorde. « E si 33331333133 (11313333 (13113 313333 13333-
313 (33331333 (13113 31133 333 33333 (13113 333333, 3133 31 (1333
(1333 3113 13333133 3. 133331313333333 3111333333313 li·
3313 111, GH, EF si 3133133133331133113311333331 333313
13 333313 (1’ 33 33133, 3 1333131 venti 13333313, {asciando 133

 

