999999 ιι cmx. 379

9999991911 por 999 1999991999. 19 91199 non 99191 negare
99999 911 9999 919999 anni ohe egli e 999 padre mi 199999
9999999 19111119191991999 819. 199999 1119191 11999999, 19 oasa
191991999119199911199999919 9991999999, ohe io 19991
9991991911 1999199 1999 vedere questo mio 919999919919
sue operationi, 119199 io 1991 919119919991191 19119 signore
⁴ in 9999 999,999991191199911999919 sua 1919 si 1999199191
99119 99919 91 99191 amora, come due 9991 sono 11 padre
191 (1199999991 instantemente 11 9991991999 signore, ohe
19999 9991991911 9991199911 uno 191 mei 9199999911919999-
999991 19119 signore 9999919119999, dicendo 9199 1191199999
9991919919 vi 9919991999 9119999919119, 9 procurat. di
1919919199 9999 fabricat-seno uno per 91,119199 gli 1919
919119 8199999 9999991919, 99999 appresso 11919919.

1 11 11 9199119 1107 in mm.

' Paccio 1919 19 11199999 119199 1999999 appresso 1991119991 199911
1999 19 99999919 9119919919999 11 9119 9999919 99999 9 919111919 999 11 9919
9191119 19999 9999991919, 9991919919 1 19 999111 919 11 819. ,1999119 89999
9911991999 9 11 819. 8911999999 999 191199191911 91999 919999 99911999,
991 9199999999 999 1919199199 9119 99999991 11 819. 6911199 11911191, 99919
9991199 11 999919 819119, 919 9919999 mer 991991911199199999199991·
99919 9999991991 191 999 1919999919 9119991919 1911999999 1199999·
191999Η1111999,119191991 199991999999119,1999191191 819. 1911199 ,
9999199919, 11 99919 9119 9919 pruma 9999191 9111 19111 1199999 opero
91991199991119119 999 1991999199 9 11911 91199999 99999 11 9191991991
11999119 9 8911999999, 91999 199 9991 9999, 9191999999999919119999
,999919 91’ 19 9919991 9999199 1999 999 19111 19111 compassi 191 81911911-
199, 919 19 9119 999 1919991999 9 991999 19 9111, asserendo 1911999999 99·
19991199 99999 919119 9 [9191999999 999 per 91, 9991 9191999999 19 919
9991991911, 9991991911 19 1119119 8199999919, 919 9· 999119919999191
911919 19999 9999919 9919 191 99119119 819 6911199 11911191919919919 1999
19119 999919 1119199 19 operationi 191 compasso (1999919199 e Militare
911 (1911199 1191119199, 1199919 9199919919, 1999 999919 19· 19111 ,19991199
’1911999999 1999919 appresso 11 1999 919999119991, 991 9991199999, 919119
'questo 999 m 9 1911999 9991119 19 1919 11 919 19 19119 11 9919 9999919
99999 19 99999919 911991991999 999919 919999 9999911919.

19 (11999999 9119199 emam 9999919119.

 

