0000111100 01001011.. 139

prendi 000010010100100011011000000001110110, 0 00001010
1000010010 sopra 10 0111100110110, 0 000110 0110 11001 scri 10
radice quadrata (101 numero propone-Come per 00011010,
00100110 10 rndice (11000010 numero 111311,10001010(100 01-
11100 110010010011 30, 10010 nin perd 0101101οἰ 11000010οΙ-
010010 16 (10110 11000 0001001110110 0 10 0110010101 (0110010010
00010100111010110110, 0 1011000101 contenere 00011 68, 0110
d 10 01οο01010 radice cereata.

110 0010 11000010 100010 (10 0010101 (100 0000110011-
010 d, 0110 qnando 10 (100 ultime 110010, 0110 01 100000, 000-
0000010 50, (1001 01000010 che 10010 1001001101 0000 come
00 0. 0. 0010001 01011010 ie radice di 1192, perche ii 112 de
1000101 pessa 50, in 10000 ,(101 11 0110 1001000. (1001 prendere
12, 0 nei 10010 0000110 10 100010 (1100010.

L’aiirn 0001010, 0110 01 (1011110 0001110010, ὸ, 0110000010
(010110 0110 10010, (10110110 10 (1000111100 110010, 00000000 51),
in 101 0000, poiche 10 divisione 0011011000 00000010110000
01 00100110 01110 01 dd, 01 (1000 001 000010011010010 prendere
10 meti, 000010 01110 0010000000 (11010010 01000, 01 (1000

00000111οο10ουῐο 101110001οη, 0 secondo ii 0001010 (10110
(10110 00110 001110110010. 0 0001101000 intervallo 0001 mni·
110110010, 01001010 (0110010010 0001010 11000 011100001011
dard 10 1011100010 0010111. 11000 0010000010, 0001111010 10 ’
radice di 8112( 0001001010 0000000110 10 0110010010, 0 (10-

11011010 (100 ultime 110010, 10010 81, 11 0001 numero nen 0
00010 10 11000 0000001011ος perd 01011010110000100111,
0101 12101000 dunque 10 000010 11000010οΙ0 1101100011 12,
1110000011 0110 0000001000]οη10 01010000001010, 110110101οἰ ¹
con 00111 piri 10 strumento sin 10010 0110 11 (10110 000110 01
adniti 0 quelche 0001010, (101 00010 00010 10 0100001010 11000
00 00 010 000 desipio, 00010 0. ,0. 001100110110011010 01211,
010110010001 1· 1010100110 ,110 1 00011 111, 11 00010 miserato
1100100010 sopra 10 11000 011100110110,11 0001101191 0000
10101 10 circas 0100011110 10010000100010 8112 01000010.

 

