11111111 11 11111111111111. 193

1111111111111 11111111 1111111111, 111 11111111 sicori
11111 1111111νί11 1111111; 1111111 bisogno 1111 11111 111
’ tempi di 1111111. (11111 111111111111111111 1111111, 111
111 11111111111111111 1111111111 11111111111 111 11
11111111,111 1111 11111 1 111111111111 mura, 11111 111

1111111 manco 1111111111,111 1111111 11 1111111 111111
1’ 11111, 1 1111111111 sentito venire 1111 1111111111 111 11
11111111 11111111111111,1111111 genti 11111 11 potor
sortire, 11111 111 abbiano 11 11111 11111111, 111111 1111-
1111111111 11111 1111111111 1111111111111. 01111 1 111 11-
11111 11111111, 1111111111111·11111111 11 motoria 111
11111 1111111 11111111 11 1111111111 1 1111111 11 1111111
1111111 111111111 111 1111111111, 11 1111111111111111,11111
11111 11111111 1111111. i: 11111111111 111111 11 rom
11111111,11111ο i 11111111111111111111 1 11111111οοί111
ed impedio 11 1111111 11 111 1111111111 1 1111111 11111111,
1 simili oseroizi, avendo 11 111111 1111111 11111111111111
1 111111111 1 11111111 11111 11111; 11 1111111111111111111
111111111 1111111 come ancora 111111111111111111111111
1111111, 1111111111 11111111, 111 111 sono di grandissimo
1111111. Ε 11 1111111 11 1111111111111 1 1111111111111,
111 111 111111 gran 1111111111111111111 111111 1111111111
11 11111111 11 1111111111 gii 111111111111111111 11111 1111
sono assai difensori, 1 vogliono 1111111111 1111111111111111
11111111111 pini 111111 111 111 possibile.

1 La 11111 11111111 111111 1111111111111111,1111111
111111 11111 111111111111111111111, 1111111111 111111
1111111111 come 11 111 111111, uno 11111 1111111111, 111111
1111111111111111111.1111111111111111111111111111111111
11111 11111111111111111111111111111111 11111111,111111 11111
11111111111111, 1111111111 11111111 11 111111111111111111, 1
111 impedimento ,11 111111111111111111111 1111111111111 1
11111111 11111111111 111 111 1111111111 111111111 11111

quoio 1111111111 111 11 11111 11 1111111111111111111111
(11111116111111. - T. xi. 111

 

