1111111111 1 11111111. 273

1111111101111111111,1111101 1 1111111 11111111 011 1111 ΕΙ,
11111111 11111, v. 11, 18, 1111, 1111111οο 111111 1111111111 111
punio 11, 1111111111 111111 111 11111111111111110110111
1111101111 11111, 1111 11 11111111, 11 perpendicoio GO tagii
ii 1110111111 numero 18, 11 111 11111111011111111 venuti
11 1111111, 011111 1111111111 1 111111 111 1101111111111 D 10 1,
(111111111111. e. 130,111111111111111111 multipiichi per i 18
111111, 11 verrii 131011 quai numero 11011101 1111 100,11
vieno 223 e 011 quinti, 1 11111 passi 1111111111111111 ΑΒ.
- «011111111111111 veriti ’01 1111111 1111111111 cosi.
1111110111 11 1111111111111101111111111’1111111111,1111-
111111111111111 1111111111 1111 111,1111111111111 11 1111-
»1111111 11 01111111111111111 1 (1011 sono 1’ 1111111, ii
1011 111111 11111, simili 1 1111111, 1111111111111 111 01
11111 1111111, 1 1111111101111111111111111111 11,.1 11110 11
»01111111 1111111 111111οἰ1111ῑὶ, 1 11 (111011111111 111111
11111111111111111111, 1 1 1111 11111111 11111111111111 1 11111111
111011111111111 ELI e 11111 1111 11111111111111111111 pii
11111101111111 1001111,111111111 EL a Li, 1111 1111111.
101011111111111110111 11111111 011 1111111111111 numero*
1 011 111111011101101 11 1111οο111 peri 1111111 0111, 11 11111
11’1111111111,1111111111111111111111». . , ι
11 1111111111 sopra io strumento 11 1111111111111111111 ’
11111111 11 numero 011 111111, ο quello dei 111111, ,1111111111-
01111 poi 1111111111111111 11, 100, 1111101101 11111 initio-pur
1111111111111111, 1 1111111011111111111111.00111 se, v. 1., 1
χ11111111 111111111111 611 1 111111 110, 111111 01 1111111111,
111111111111111111111111111 11 ,100,1 111111 poi 1111111111-
111111 1111 1111111111 1111111111. 1101119311111111 11
11111, quanta& 11111111 Ι1111 si 1111111.
Quanto 1111 1111110111, 011 1110111111111 1111 1111111111,
1 11 primo 1111 1111 1111111111 1111110111 1111111111 11111
111111 1111111111,1111111111 11 1111110111011 1111111111

1111111101111 torre, 1111101 111 11111111 sopra 01 essa, come
11111111 0111111. - Τ. 111. 31

 

