11111111 11 11111111111011. 1711

1010 111 1111, 1111001111 11111111 11 volvere 111111111111.
, 111 1011111111111 101 101110 11 11110 11110111101011
1111011 111011111 1 1111110 11111 11 poi 11111111110111
11 1111111 11 0111111 11111 01111101 1 111111111111111111111.
11110111110, 1101111111 10 11000111, 001 1111 11 1101 111
11111, 1 (111110 1111011, 111 11111111110111111111111, 11 mot?
11111111 11111111 1111111 11 11111, 1111111011 110111 1111
11110111110110001110 101 11111 1 1011011111 1 1111111111.

1 11110110111111111111 1011111111, qnando 111 111111,
11 (1111111 per 11 111111111, 11 11111 111111 11111111.
0111110111 111111 1111110 1111111 11 luogo 1111 1’ 1011111
11111111 111111 101111 010111111101 11111111, 100 11 11111-
1111 1111111111 111111 11111 mina per 11111 11111, 111 11
andri 11111110 1011 1111111110111111101111110 1111
1110101111 11 1011111 1 10 1101111111 1111111111111110
111111111111111,1011111111111011101 pezzi di 11111 1101 ·
11111 11111 1111111 1 1111111. 1111111111 11 11010 001 11 10111
11 11011111111111 11111,11 110111 11111111 1111 110111 111
101111111101110110111 111 1111 11111100, 11111110 11111-
11111111 11111111111111111110111 11010. 1111111 1111011 11-
1111111,111111 11111 superlore 111 10110 111 11 pini 1111111,
1111011111 11 11010 non 1111011110 11111 1111111 101110111-
11111, 1111 1111111111 spinga 111’111111,111111011111100 11110
(111111 1111 1101111, 1 1011 11111 11 mina 1 1011 1111111111
1111110 1.

CAPO xxm.

' 11111101 10111111 11111.

La 11111 quanto 1 01011 11011111, 1 1111111 111 10101111
1111111111001111111 1011111 1 fine 1111 1 11111111 110111 ·

1111 11110111011111111111.
81 11 fortem, essendo 1111111, non 11111111111111111
di 1111111111,11110111111111 11 difensori 1111110 1110110 11-

 

