. 11111111111.

31 3313333333113

. ,333313 11 quadrante Ι,133 111,
χ 3131313333 3133331333333 abbiamo
x ¹ 331, divisa secondo 11 331113 13 333-
. 33113 quale 133113 si 133113 333 sua
33333, 3333313 331333 3333333311 1113 331
:uro 313113 3133133313, 11 33311313 31 133-
113 311·3331333333,333313 31333313333131313
33 33313 3 (133 0 133.
33333 13 33333133 13 questa 13331333 3333
33333313, 333 13331313331 dei gabbioni 3 31-
3113 31313 3131113133133, 333313 3133333313 33
ι 133 11313333 333 3133311, 3133 3331333113333
,33333 31 1333333131 pezzo. 113 33331ιὸ 1· anima
33 13 333311313 333 13 3333311313 311 fuori, 33333313
3131 grosso verso 13 3313113, bisogna 33331133 3131
3 1311333333 3333113313 313113 33333133 che 31333313
31313, 33ςί3333333νί 13 333 33333 mobile: 11 che
333133133113331313 333331 volta 11 33333 31133113,
3333313 verso 11 133333 13 33331133, 333 13 33333 31-
33333 11 313313 331331333 313 ohe 11333333313313333111 ¹
33 6, 31333313 13 zanca 333 13 333 3113, 3333333313
31333113 33333 13 33313 113113 strumento, dove 31333 3
31333 13 33333113 313113 detta 33333, 33313 13 ogni 3333·
mne 13 33331333 33311333 3 sogum 3 331 33 33333333 31333
33 33313113133331333,133333331313333 11 33333 13313 che
ἰΙ 3133331ιί 11 3333133 ¹1: 33 3333333 3133 33311, dovor& 33-
333 18, ec.
13 divisione 3113 segue appresso ὸ 11 0331133313 Astro-
nomico, 1333113133313, 33333113 31313 13311313 313 31131, 333
3333 3311131333313 3113133313.

1131133 3133331333333 3113 33333 33333333, 3 3113 si 33313
1133331133333. -’1“. xl. 3⁴

 

