00000000.οι mmmmm. 1111

0100 000 01100100 0110 10 0010000010100001100. 011000011
10010010Ιί00011000001001010010001100110110100110 11
1010010110 00000 000110 0100 01 000 001 0000000 11 10000,Ι 10
0000101100101000 000000 0111010010οδ un 01100 1110 11
01010, 10110010 100100 000001010000110 10000 10110, 000010,
0000100100 001000010, 10 10110 00010 01 1000 10 001001010.
0000000000ωο0001 mammonam
01 00010 00010; 01 ogni 10οω11οω11010100100011001
000 100010010;00(10001 quinto 001100 11 1000100010011001
000 100010001000.

Quat· 100010001000 01 1000011 10001 000001 (000010 10
0000110100 00000, 1000001001011 10010000 0 00100 111000100
1010000100 0 00011 000011 10* quadri vertunno-quanto logni
11 (000111 010 01 1100000 0001011101 010101000000100110110
10001000100001000110011000000 000 0001011011 0000010010, 0
01100 10000 100100 0 01 0000001001 10110 100010001000,
0110111100οω10 00000 00000000 100* 0011 00011 000 101110, 0
001000 0000110 0100 11 1000000 abbanem 0 0001 01 11000 010
000 11 10100000 0100 1 0011 01001011 1000100 101111 0 00000
0011, 000011 00 1’1000100010000011’01>10000000 11 1000000100-
00000 (00010100 1010000, 0100000011ιο 10 1001111οο01000 000000000,
11 0100 00001100 grande imperfezione. 1011 1000100οῑ000 000-
1000000 00000 0000 000 1101110100, 0000010 0100 00 11 00010
101Ιο 10000. E 000 00001001100 01 010001 11 10011000, 0001·
10010 01 ogni 10000 001100 1101010 000 100010010, 0 01 ogni
010000 100010οῑ0 000 100010001000.

1100010010 (10110 000010 000 10 1000001000 11 100100 01
aaa& 00000000 di terra ana riarum 00000000 000
1001100 10110, 11 0101010001000100010001000, 10 000010 000-
100010 100100 0110 0001001101 1000010. Quando 001 01 0001
01001011100000 0110110000 11 00101101 10000010, 01 000110·
00000 10 00001010 11 0001000 010000 10000 11 10000000, 10
quali (10100010 1010000, 010000000οο 1’ acque 0110 10000000

101 0100000110, 0001000101 00011100100 10 00000ος 0 100000
(imno (1000000. - Τ. xl. 2⁷

 

