1111111111 1 11111111. 251

11 11111·11.,1111 ὁ 11 11111111 della 111111 111111, 1 questo
1111111111, 1111111 lustramenta, 1111 111111111111111111111,1
11 11111 1111111 1111111111 del 1111 111111 111111, 111111
11111 211. 11ς1, non 1111111111 11 1111111111, 111111111 11 11-
111111111 11 111111 1 11 11111 Ια1.,1111111 1111111 1 ohe

1111111 111 1111111111111111 111111 11111111111111111111111 11- ’

1111111, 1 1111111 como 11111111 1111 1111111.96,1111196
111111111111111 111111111111111 111 1111 11 111111111111
11 11111111111111111 111 maruno.

111111111111111111111 11111 11111111σὴ1 1811111111111111. dan·
· 1111 1111111111 solidi 1111111 o 1111111111 11111111, trovato 11111
³ ’11111111111111111 fro 111 loro 1111111111· in 1111.

0111111111 xxm.

1111111111 (111. Χ, fig. 14) 1111111111 1111111111
(11111111 11 B 1111111111 111 11111 11111, 1 1111111111 111111
qual 11111111111111111111 111 1111 in 1111. 11111111 111 eom-
11111 11 11111 Δ, 1 111111- 11 strumento 1111111111 1111 11111
(11111 111111111111111111111111111. 111.,1 11111111111111111
11111111111111 11111111111111 (11111111 1111 1111111111,
ohe 1111 111111·111111111;11 quale 11 11111 111111111111,
(11111111111111111 Δ, B 111111 di 11111111111 111 111- ,
111111111111111 alla 11, 1111111111 diametro 11111
11111 di 11111 111111 11 11111111, 1111111111 11111111 11
1111111111 1111111111 1111 111111111111111, Β, obe 1 111 x
1111111111 11 1 B 1111 11111 1111111111 11111111, 11111-
11111 11 1111111111111 [1111111111 oon 1111111111111111111-
1111, 1111111110111. xvl 11111111111111-1111 1111111111
11 111111 11111111111111111, 11111111 11 1111111111,111111-
1111 numero, 11111 v. g. 11· 30, 11 11111111111111111111111 1

11111··1’11111111 11 11111 11,11111111’1. 1. 11 10, 1111111 ,

11 11111 (11111111 11111 111111 111111 11111 11111111 B.

11 converso 11111’11Μ1111 111111111111 11111 oon
pari 11111111 11111 1111111111 11111 111111111; 1111 come,

 

